200 
167 341 929 1327 8969 289 
85 217 648 980 4499 302 
261 291 938 1170 3424 147 
229 304 575 1030 8849 315 
176 343 668 1334 1280 146 
247 326 750 968 5497 178 
251 147 522 1335 4641 159 
104 78 882 1320 9991 145 
140 60 835 1402 9191 344 
209 180 205 920 9243 643 
68 150 842 1431 7084 547 
257 330 508 1003 9908 466 
62 187 560 1384 8291 402 
238 171 824 1043 6372 128 
258 267 916 1237 7408 242 
272 340 683 1293 5761 215 
65 132 810 1076 2442 176 
224 301 878 1387 1178 435 
110 315 489 1376 1332 785 
166 261 0 905 7271 635 
60 145 821 1204 7237 188 
291 194 732 1415 3450 272 
53 296 550 1098 1643 104 
200 200 459 840 8480 265 
205 52 240 881 9131 437 
94 120 676 1279 6106 252 
74 283 58 396 2649 69 
236 305 252 847 2236 56 
322 316 976 1413 5486 389 
111 224 21 1207 3958 789 
81 285 738 1269 2717 219 
153 156 722 1437 7620 198 
151 269 608 1117 1162 443 
216 96 79 802 3681 701 
82 157 851 1387 2435 239 
66 119 603 1260 2689 111 
96 161 170 1397 4012 1130 
150 136 889 1251 3605 300 
190 342 850 1159 5222 127 
221 339 75 998 9841 607 
162 222 482 997 2949 449 
242 316 423 1002 7823 312 
119 250 900 1318 6918 293 
189 335 484 897 2858 343 
157 61 265 1119 4516 176 
283 171 612 1404 7590 534 
276 144 997 1293 9988 274 
329 79 885 1415 6589 411 
237 78 731 1322 8445 445 
315 265 337 968 2060 120 
266 322 4 775 8418 428 
159 155 945 1297 7112 192 
296 173 187 539 2541 352 
76 271 738 1044 6575 213 
90 87 192 418 2351 126 
291 329 942 1259 5451 113 
193 286 439 733 4698 234 
74 286 467 1187 1335 624 
278 205 177 922 2319 686 
224 307 119 1213 5071 869 
233 93 82 1352 4439 149 
226 159 754 1047 4070 66 
149 79 136 1110 1488 779 
79 149 200 501 5676 125 
201 93 308 770 8409 167 
162 269 569 1201 9046 479 
331 273 990 1318 3242 110 
80 343 275 517 9387 153 
281 95 37 621 6482 373 
232 332 601 1432 1126 232 
53 233 492 837 3408 200 
173 112 631 1184 6372 381 
66 211 572 821 2363 92 
114 102 350 1126 3084 393 
101 347 151 730 1365 336 
139 94 997 1402 9268 298 
221 182 993 1253 8370 113 
158 332 893 1308 3217 190 
214 67 31 322 9671 189 
328 308 631 1233 1887 58 
279 321 389 1043 8798 265 
257 238 133 464 2912 231 
162 274 157 1160 6483 77 
254 150 630 1194 7972 140 
296 111 793 1160 3472 354 
276 72 658 904 2706 148 
197 216 139 783 7791 295 
287 293 106 989 7212 223 
91 143 425 1114 2969 418 
292 206 236 699 5077 461 
178 256 886 1103 2467 104 
292 247 318 1104 5431 255 
132 124 49 599 9301 81 
255 150 514 960 6849 104 
79 316 960 1411 1377 266 
324 286 174 387 9522 70 
110 184 548 875 4065 292 
232 274 436 1236 9934 108 
97 289 871 1254 4915 231 
252 71 758 967 1713 144 
106 51 918 1320 3334 377 
292 68 805 1175 4783 52 
226 221 89 506 2929 178 
157 51 18 1259 5862 375 
287 121 18 1354 3783 454 
212 174 926 1375 5902 165 
103 69 806 1228 1702 418 
149 155 5 770 3972 381 
102 188 583 996 4411 130 
321 158 59 753 7747 572 
59 129 996 1231 2098 64 
305 295 201 1222 7592 124 
99 179 364 959 3106 80 
220 318 23 926 9103 744 
97 89 661 1328 1410 229 
240 92 673 1100 8051 107 
71 231 903 1341 4471 153 
203 127 404 607 5326 168 
303 136 1 1143 6997 334 
232 147 93 1149 9821 360 
134 66 940 1338 5020 233 
193 262 279 1055 2317 581 
328 307 17 652 9120 544 
233 166 503 1370 6362 565 
114 278 54 706 4398 418 
63 97 369 677 9575 114 
222 337 867 1170 3907 145 
184 306 398 620 9065 129 
256 111 368 1414 6832 103 
334 277 331 1099 6909 258 
206 288 408 1199 6516 453 
72 340 373 1404 6566 416 
228 272 472 687 7129 208 
73 253 409 800 6623 91 
78 203 817 1063 3358 84 
141 227 436 919 4324 148 
156 118 627 1086 4612 175 
115 223 373 1396 9841 362 
96 233 570 913 4272 201 
191 211 304 904 7794 568 
318 71 959 1358 3409 100 
319 92 172 430 1516 126 
261 297 23 774 2131 711 
306 164 713 1237 4807 329 
296 337 649 1248 2023 530 
300 348 1000 1290 1783 274 
188 277 702 908 2726 65 
313 301 674 943 3980 188 
272 338 864 1130 2296 132 
198 320 181 1006 4179 428 
69 99 227 1137 7979 797 
334 163 869 1098 8500 92 
154 301 22 456 7918 299 
70 60 902 1268 7687 203 
177 157 991 1271 1000 275 
242 347 404 1168 6557 386 
119 85 336 1167 2906 684 
266 60 431 1239 2205 793 
238 216 217 746 4147 264 
136 150 737 1003 6627 224 
260 114 633 1055 9424 122 
113 144 545 1133 9598 69 
50 145 559 1271 7794 512 
248 57 288 706 9185 265 
207 250 819 1149 3713 217 
110 103 324 755 7293 228 
126 72 890 1436 9683 57 
236 316 325 812 5132 113 
230 169 861 1340 3803 415 
280 339 864 1425 7983 537 
142 220 325 1397 3264 519 
264 135 23 658 7645 299 
52 162 640 1279 3039 269 
342 156 887 1321 6314 426 
341 327 346 643 4888 239 
206 85 78 1176 3136 539 
198 336 525 1011 5887 63 
163 62 305 907 5331 268 
63 196 238 645 1939 229 
111 260 684 1171 1399 212 
81 240 836 1047 9126 209 
70 80 180 1055 4312 406 
200 173 825 1158 2790 324 
81 333 869 1412 3109 481 
301 283 232 597 2448 95 
149 280 529 787 9697 191 
125 327 182 1016 1896 636 
73 315 431 685 1878 157 
298 252 525 830 2632 126 
290 234 756 1047 5379 192 
108 317 286 747 1730 240 
324 320 608 1374 1664 108 
143 111 353 996 4863 406 
277 194 476 1117 3509 407 
94 246 639 1331 7610 621 
303 268 876 1380 8517 60 
262 299 83 438 8506 346 
122 159 473 1110 3309 281 
50 51 333 936 7806 137 
240 214 8 1298 9801 442 
