200 
328 121 149 605 7692 266 
65 258 547 1379 3123 182 
217 285 412 1059 1379 326 
145 159 379 1426 9404 654 
286 102 37 1370 7990 462 
256 318 449 1050 9788 240 
290 325 595 955 3482 59 
246 349 324 666 6789 57 
220 98 317 1132 3377 527 
129 341 227 1114 7057 384 
145 110 107 960 1789 429 
339 128 812 1271 4838 344 
157 79 941 1228 1401 188 
117 86 451 715 7114 108 
87 130 787 1439 6572 137 
192 79 409 1244 9349 754 
206 300 551 1251 1521 523 
58 224 174 889 5563 231 
191 135 128 1061 2387 882 
276 85 904 1115 2839 110 
64 82 679 1346 8623 156 
344 61 555 838 1010 125 
182 289 254 1015 1646 297 
87 104 316 730 9454 154 
190 272 501 1411 6843 828 
224 200 330 1098 4926 468 
121 336 279 1051 1433 757 
309 108 357 1352 5576 68 
144 116 226 928 2323 670 
244 53 253 1415 6486 747 
143 348 872 1255 2572 369 
162 341 489 1028 3085 315 
305 329 619 1436 7587 376 
264 289 275 1105 5459 275 
235 220 412 1405 7045 533 
179 193 392 1006 2614 523 
282 236 645 1157 6325 438 
340 251 184 1264 5817 1034 
291 152 819 1300 5176 448 
221 242 306 728 2787 101 
213 89 957 1240 4922 93 
253 129 30 378 9813 343 
244 107 391 754 8436 106 
259 305 999 1394 3283 92 
88 313 594 867 8943 175 
266 237 500 833 1671 96 
282 139 324 641 4136 162 
75 234 557 1321 7558 373 
162 228 605 805 3295 192 
350 335 363 705 3045 333 
60 255 94 510 9874 300 
321 186 26 378 7395 247 
82 286 51 917 1748 101 
99 190 357 930 2327 521 
326 127 670 1033 9595 337 
171 314 381 1121 6533 287 
228 166 285 1282 8676 446 
335 246 810 1300 6950 353 
97 122 997 1418 7454 206 
84 99 715 1083 4960 271 
82 269 843 1108 8059 219 
84 244 500 915 2673 261 
266 219 706 1328 8586 605 
327 338 714 1407 6793 690 
334 152 686 1157 3451 333 
309 207 71 590 9462 433 
295 327 848 1179 8945 204 
243 69 822 1121 7165 288 
72 192 418 886 9597 390 
188 123 972 1220 7523 222 
81 325 234 1387 8040 1113 
104 123 150 441 4066 100 
58 220 333 698 9914 123 
348 330 313 565 1154 71 
69 104 362 1432 5567 899 
135 194 231 503 3648 177 
72 309 474 1425 2358 441 
162 119 959 1362 6467 330 
159 311 662 1301 1271 575 
343 120 713 1053 3941 80 
238 233 35 1287 5857 408 
180 193 470 1434 2391 220 
234 255 468 883 4618 217 
191 221 403 1111 4236 270 
268 63 302 1129 7286 174 
233 53 11 850 7755 655 
172 286 408 897 2398 263 
279 326 38 838 9866 56 
216 256 682 1146 3113 361 
78 306 216 992 9001 81 
64 167 586 871 2141 166 
61 146 288 791 7002 391 
261 340 895 1157 9218 257 
309 249 465 963 6460 262 
324 126 588 1211 4878 379 
88 335 619 1337 8868 684 
275 286 393 1114 4134 386 
320 311 194 1147 7702 785 
239 61 929 1412 3955 154 
175 287 848 1404 6472 350 
154 81 35 822 8010 747 
310 141 80 531 8455 151 
66 160 721 1150 5537 294 
185 92 248 815 8705 251 
225 88 705 1139 7764 245 
211 153 695 1197 9113 101 
295 223 670 890 1066 191 
114 191 389 596 9811 57 
62 119 642 989 1421 275 
193 274 254 683 3478 375 
136 285 430 1098 1139 79 
318 160 961 1346 1510 385 
196 142 474 1014 2213 200 
243 207 623 1175 9208 73 
210 269 911 1276 5475 365 
130 145 73 983 2943 312 
123 216 329 1018 7309 426 
182 279 612 886 9086 113 
189 67 642 1220 6350 278 
84 62 709 959 5991 72 
229 173 222 552 1858 69 
255 190 592 1026 5568 355 
197 64 674 932 9812 252 
56 55 524 869 9060 226 
252 206 540 1073 3770 220 
270 102 160 929 6288 335 
74 95 71 1163 8098 740 
113 315 667 989 4955 300 
167 318 104 978 7282 814 
178 50 119 330 9677 62 
107 167 393 1088 6332 97 
208 163 80 871 3343 351 
71 347 46 1182 3698 822 
133 128 212 975 3578 574 
155 150 432 866 9742 189 
131 50 750 1220 6333 246 
216 249 918 1331 2339 79 
202 163 360 892 7378 316 
337 98 382 1134 5780 654 
168 152 161 529 5709 354 
288 197 681 1340 5503 654 
179 246 839 1044 9373 164 
328 300 752 1357 8252 158 
128 56 54 820 9886 392 
280 96 307 822 9896 174 
300 86 641 1023 9402 321 
50 223 586 849 4390 86 
190 185 838 1096 4344 230 
290 67 54 594 5164 314 
279 148 270 1270 8862 877 
348 139 201 979 3852 52 
242 127 567 952 8775 181 
187 111 823 1040 2433 86 
206 287 938 1151 2190 102 
296 323 357 881 6293 259 
216 147 102 1147 7783 86 
105 90 403 884 9153 226 
264 232 648 1265 2295 604 
101 166 48 665 6715 374 
197 294 58 273 5822 181 
58 318 747 1306 6382 412 
344 235 681 1037 3585 282 
264 341 4 773 4680 393 
274 56 353 1134 4605 440 
145 269 900 1393 9757 138 
301 243 529 1044 5444 268 
64 261 369 652 3013 236 
306 86 361 1300 6915 743 
70 249 855 1084 5425 88 
333 135 588 937 5510 261 
209 177 367 1106 9311 153 
272 201 616 1118 1708 123 
89 187 195 453 8790 199 
128 271 381 866 3183 477 
320 308 281 1004 9113 570 
174 182 225 833 9798 91 
346 325 325 919 4961 578 
67 60 618 875 5716 151 
122 200 981 1401 2604 312 
300 314 531 733 1823 143 
199 269 899 1129 2161 83 
322 136 961 1293 8912 321 
138 275 177 548 8860 259 
75 344 812 1375 6304 553 
265 240 297 715 2298 157 
181 338 754 1339 5608 310 
331 144 359 773 9246 300 
251 71 950 1195 8575 62 
235 50 211 1043 5334 820 
258 242 954 1235 9727 226 
265 251 41 549 4509 214 
299 214 194 1175 7088 874 
126 102 253 1199 9301 110 
138 243 27 1323 2772 361 
224 65 494 1390 4082 439 
78 130 132 722 3403 519 
250 93 268 626 4053 195 
297 74 89 591 4360 410 
118 97 195 538 1506 109 
337 258 716 1226 5695 247 
