60 
179 252 2 1217 4203 735 
97 183 856 1190 3728 281 
247 288 422 811 9849 360 
245 253 924 1379 7257 249 
88 309 350 719 3470 197 
323 233 396 891 2108 379 
206 224 340 984 9965 549 
193 271 258 727 8969 88 
193 155 507 722 3493 131 
206 270 295 1430 5265 434 
77 92 285 1216 1628 262 
83 53 688 1345 7446 541 
118 153 244 1171 7761 131 
146 206 99 1346 6494 650 
196 236 629 872 1590 233 
234 114 224 1378 2098 567 
55 215 866 1219 5141 304 
204 207 599 1094 2071 121 
76 196 206 1285 3842 724 
323 135 134 705 2674 154 
80 57 169 1282 4915 1110 
233 241 480 1356 7541 709 
270 216 145 907 4112 595 
350 128 546 1311 3941 253 
136 121 105 538 3872 157 
331 280 5 864 1927 813 
217 102 462 1370 5145 837 
127 314 26 1409 7495 449 
272 251 260 1010 8961 714 
177 319 671 1058 3952 202 
259 108 878 1428 8320 329 
265 336 174 1293 1470 760 
253 244 512 760 1298 188 
295 232 475 1389 7590 549 
126 330 107 401 4035 58 
150 101 163 381 2686 218 
105 348 555 1120 8724 541 
151 230 643 1025 6621 138 
134 298 524 1402 9545 407 
117 342 306 1243 4060 342 
126 170 697 1106 2644 296 
227 165 326 609 3326 241 
188 51 611 1236 1454 625 
114 267 5 896 6845 158 
346 301 159 1090 5638 446 
165 147 514 926 8275 93 
172 111 864 1066 7432 182 
205 157 972 1276 7974 278 
53 327 78 583 5586 135 
206 326 388 702 4458 131 
344 197 184 648 5374 143 
349 170 133 1378 3658 1133 
330 157 158 1369 4392 133 
218 238 731 1154 4799 144 
198 96 854 1377 5573 64 
211 90 134 443 1308 187 
187 103 539 1180 7129 81 
210 301 697 1281 4931 394 
192 221 815 1159 4373 65 
290 208 149 678 7301 499 
