60 
174 300 399 671 7903 186 
262 156 130 859 4989 149 
254 84 626 965 4023 167 
144 273 817 1219 3365 329 
156 178 709 1085 5713 134 
64 257 687 1033 3856 339 
236 57 662 952 3161 283 
174 154 868 1369 2655 91 
165 176 69 272 5013 53 
92 232 565 820 8403 135 
174 315 213 1208 3546 61 
92 334 801 1298 3473 476 
210 176 304 1229 7403 287 
216 240 276 606 5371 316 
94 137 631 1153 5437 401 
230 322 24 828 9826 455 
289 346 507 1374 2616 95 
107 131 488 1412 9677 114 
156 327 674 994 8033 225 
291 246 880 1411 6111 295 
186 306 369 839 7974 337 
151 184 334 653 9798 246 
71 92 645 903 9346 69 
226 146 441 1262 6942 542 
291 200 250 775 2558 468 
301 59 27 425 7442 373 
320 61 917 1430 2599 205 
287 109 55 803 5304 363 
326 281 582 1424 9495 739 
132 57 190 661 3188 206 
171 340 753 1422 3861 63 
195 322 637 866 7177 94 
343 87 502 1438 3828 612 
235 53 912 1134 6090 105 
349 252 669 1179 4459 263 
76 290 310 1394 3302 1068 
117 264 714 1289 5762 237 
117 151 940 1171 1440 131 
165 343 718 946 8982 179 
306 266 611 965 8437 246 
275 251 889 1311 8870 277 
296 169 512 987 6413 459 
259 96 22 941 3708 156 
74 52 1000 1331 7215 299 
94 52 825 1141 7017 279 
70 299 939 1438 3537 158 
327 261 516 1355 2099 535 
173 200 885 1228 6601 286 
338 349 298 519 9702 99 
68 324 731 1194 6777 87 
163 139 414 1292 9989 784 
150 98 187 862 2392 114 
58 301 218 893 2190 456 
245 307 202 696 8674 243 
296 350 894 1437 2676 527 
126 112 226 569 7337 126 
350 340 526 727 6130 60 
240 50 34 706 7876 508 
210 117 713 1396 6215 380 
190 319 823 1057 3853 230 
