60 
184 275 435 664 2712 167 
307 127 374 1055 3838 98 
82 134 571 1196 6634 400 
207 178 807 1118 3951 129 
56 326 547 1051 8093 247 
94 234 30 315 5440 260 
74 297 326 969 7565 206 
300 53 462 715 8830 253 
339 271 982 1400 3734 342 
180 73 675 918 3720 97 
184 302 694 1143 3579 345 
308 244 86 757 5490 497 
328 130 38 637 4826 548 
209 108 211 488 6168 159 
272 263 619 1412 4533 244 
329 208 259 1348 2471 136 
229 157 41 276 7835 65 
197 160 41 1269 9760 671 
307 176 104 1223 7197 1043 
198 130 301 1032 2988 553 
246 334 883 1116 1684 202 
183 98 357 950 7557 508 
305 238 702 1000 9723 77 
119 213 772 1115 3597 340 
194 271 753 1105 6322 247 
292 302 213 424 6210 152 
256 284 437 811 8464 360 
265 204 109 989 1108 455 
61 65 966 1216 9903 113 
84 76 53 537 2142 179 
179 91 686 1371 5796 152 
238 55 495 737 9064 89 
147 161 937 1224 9289 68 
120 199 839 1125 7128 285 
260 220 193 431 7976 200 
308 198 363 1212 3380 391 
328 332 540 1389 8844 289 
233 179 893 1242 8214 279 
113 282 227 499 9012 139 
207 330 71 544 5052 145 
120 250 920 1401 5133 146 
271 72 103 541 2427 64 
143 138 959 1434 1230 71 
216 85 344 1086 3066 726 
312 199 930 1423 8468 374 
331 174 159 1013 9305 641 
223 167 168 747 7455 130 
141 270 393 991 9334 113 
271 127 450 942 3807 289 
93 70 719 1276 9324 186 
280 119 440 803 9322 139 
109 220 671 1089 8678 216 
243 166 514 889 3221 198 
233 316 396 989 1504 422 
156 229 554 862 9164 175 
81 278 718 1067 6707 327 
327 249 230 686 2873 254 
87 91 596 1130 5507 152 
175 304 888 1354 5990 118 
194 106 741 957 9168 136 
