25 
141 72 322 530 4960 140 
142 224 221 651 9456 267 
317 131 649 1008 6718 196 
190 143 814 1386 6910 481 
136 109 107 1435 4562 208 
136 256 758 1358 8201 259 
96 323 421 1319 1441 828 
69 87 930 1268 7448 133 
297 72 592 1036 5329 122 
239 117 24 1299 3070 770 
128 193 282 1287 2560 831 
53 216 557 1345 6020 88 
338 297 758 1390 3496 184 
294 255 576 1415 8873 267 
152 219 570 1421 4474 228 
173 170 522 927 5640 108 
239 223 423 1306 1670 133 
230 52 985 1353 4291 354 
163 137 190 1298 6295 1075 
240 204 467 814 4114 171 
112 205 369 1440 9881 347 
162 343 868 1344 8818 125 
201 226 988 1262 6062 66 
294 56 199 757 1074 270 
77 236 142 910 2716 292 
