25 
348 230 464 841 3412 203 
158 222 724 1083 6670 272 
317 244 424 1226 3308 159 
66 273 194 809 3999 337 
198 296 970 1330 4200 129 
242 293 321 988 2931 164 
222 330 242 894 2125 441 
85 213 53 364 5507 181 
107 125 144 1221 8752 322 
85 131 704 1146 9371 93 
174 206 600 886 6885 81 
228 163 930 1416 3909 133 
138 293 273 843 4319 379 
138 64 319 621 2254 223 
297 163 610 983 5859 134 
81 166 891 1414 2651 88 
311 340 664 883 5164 141 
173 216 602 1269 4956 649 
128 224 987 1214 4877 61 
291 146 381 910 8723 98 
78 164 17 1258 3837 404 
59 209 413 1113 1559 524 
264 196 915 1259 9661 243 
91 274 8 1096 8373 94 
328 153 280 877 4132 489 
