25 
103 343 376 706 4338 259 
318 163 764 1261 5637 432 
275 136 348 1194 9555 634 
261 324 300 1416 9984 587 
324 203 774 1180 3362 397 
267 242 326 569 6075 185 
328 290 716 1075 8997 165 
306 211 734 1261 9590 140 
250 342 522 1057 8075 493 
192 204 908 1252 7707 198 
158 275 440 815 6225 133 
222 337 603 1325 2896 113 
78 335 384 728 8324 293 
80 219 406 845 2522 211 
53 82 415 623 5720 130 
186 307 721 1309 3432 449 
324 262 921 1330 1538 202 
168 227 433 1106 7420 161 
240 138 176 980 7923 687 
327 348 706 1200 6429 285 
333 210 940 1203 4913 128 
168 152 857 1193 7149 260 
151 180 799 1368 3712 405 
135 286 949 1438 7123 215 
99 336 920 1166 8398 74 
