197
223 199 5 1434 1231 19
223 198 9 1429 951 6
223 197 15 1418 1054 7
223 196 6 1435 1025 6
223 195 15 1426 1171 6
223 194 18 1421 1046 6
223 193 21 1427 1105 5
223 192 20 1436 985 5
223 191 21 1419 999 5
223 190 3 1436 1170 6
223 189 19 1431 1192 5
223 188 21 1432 1157 7
223 187 12 1423 1180 6
223 186 5 1430 1144 5
223 185 17 1429 1069 7
223 184 10 1422 1177 7
223 183 7 1438 1065 6
223 182 19 1425 1106 5
223 181 11 1422 921 5
223 180 8 1417 1014 6
223 179 19 1433 1008 6
223 178 6 1434 1032 7
222 177 22 1423 988 6
221 177 23 1419 969 8
220 177 11 1439 1064 8
219 177 6 1423 1073 8
218 177 3 1418 1060 5
217 177 13 1430 1147 8
216 177 10 1430 1073 7
215 177 16 1435 903 6
214 177 18 1432 1121 8
213 177 18 1424 1175 6
212 177 7 1425 936 6
211 177 8 1437 1144 6
210 177 10 1434 1038 7
209 177 18 1418 987 8
208 177 14 1422 945 8
207 177 19 1428 1057 6
206 177 23 1422 1140 8
205 177 11 1422 914 7
204 177 13 1433 963 8
203 177 19 1421 1115 8
202 177 11 1428 1087 8
201 177 11 1431 930 5
199 177 16 1436 919 17
198 177 16 1440 1072 6
197 177 22 1420 937 8
196 177 8 1430 935 6
195 177 21 1420 1194 8
194 177 7 1425 970 6
193 177 6 1429 1028 8
192 177 8 1438 922 8
191 177 5 1430 1121 6
190 177 22 1418 1075 5
189 177 14 1439 1181 7
188 177 14 1422 1148 5
187 177 7 1423 969 7
186 177 11 1433 968 7
185 177 6 1417 1068 8
184 177 7 1427 1056 6
183 177 11 1423 1073 5
182 177 15 1439 1150 6
181 177 8 1425 1027 8
180 177 7 1432 922 6
179 177 13 1435 1028 6
178 177 16 1421 904 7
177 178 7 1426 910 8
177 179 16 1422 1111 7
177 180 5 1424 1083 8
177 181 12 1419 1024 6
177 182 14 1427 981 5
177 183 15 1421 1085 6
177 184 7 1437 1130 7
177 185 23 1437 1125 8
177 186 16 1437 902 8
177 187 13 1423 1127 8
177 188 9 1438 1176 8
177 189 9 1426 1182 7
177 190 19 1437 958 8
177 191 13 1438 970 8
177 192 10 1432 1055 7
177 193 11 1425 1008 6
177 194 4 1422 966 7
177 195 11 1423 1120 5
177 196 21 1423 1134 8
177 197 16 1418 1117 8
177 198 9 1436 999 7
177 199 16 1440 1194 14
177 201 9 1435 964 7
177 202 18 1438 1042 6
177 203 8 1417 1150 8
177 204 22 1422 1184 6
177 205 16 1435 999 5
177 206 14 1434 914 6
177 207 3 1432 993 8
177 208 12 1419 1105 6
177 209 20 1422 1087 7
177 210 9 1430 1022 6
177 211 14 1419 1130 5
177 212 5 1434 1138 6
177 213 22 1439 1011 8
177 214 15 1430 1031 8
177 215 16 1430 1114 8
177 216 10 1421 931 5
177 217 4 1417 1108 7
177 218 18 1431 946 6
177 219 16 1426 1071 6
177 220 23 1427 1117 5
177 221 23 1418 1167 7
177 222 21 1438 1077 8
178 223 3 1423 910 5
179 223 21 1428 1002 6
180 223 5 1423 985 6
181 223 9 1440 1153 7
182 223 6 1432 1019 8
183 223 8 1431 1138 7
184 223 14 1422 997 7
185 223 23 1421 1127 8
186 223 20 1420 1025 8
187 223 7 1422 1004 7
188 223 5 1435 1108 5
189 223 3 1418 1162 5
190 223 7 1428 1106 7
191 223 14 1427 978 5
192 223 18 1423 1036 7
193 223 10 1429 902 6
194 223 9 1429 944 5
195 223 4 1438 959 6
196 223 7 1428 937 6
197 223 15 1440 975 6
198 223 5 1432 1139 8
199 223 22 1420 1189 26
201 223 13 1421 1086 7
202 223 10 1439 930 8
203 223 14 1436 983 6
204 223 11 1437 1174 7
205 223 6 1429 1037 7
206 223 3 1433 1022 5
207 223 22 1439 1063 6
208 223 10 1427 902 7
209 223 15 1420 1138 8
210 223 19 1440 1117 7
211 223 19 1428 1080 7
212 223 9 1426 945 7
213 223 17 1420 961 6
214 223 15 1429 1149 7
215 223 22 1426 1142 7
216 223 5 1420 904 6
217 223 10 1439 1180 8
218 223 20 1434 905 5
219 223 23 1428 1120 5
220 223 9 1421 1109 6
221 223 9 1426 1090 5
222 223 14 1418 962 6
223 222 18 1430 1120 5
223 221 4 1430 1150 8
223 220 5 1429 960 7
223 219 6 1418 911 6
223 218 8 1430 1031 7
223 217 21 1438 1185 6
223 216 23 1419 996 5
223 215 18 1428 1117 7
223 214 12 1439 1050 7
223 213 9 1431 1171 8
223 212 9 1440 996 8
223 211 17 1439 1083 8
223 210 3 1438 1094 6
223 209 22 1435 1174 5
223 208 20 1438 1191 5
223 207 19 1422 1189 7
223 206 6 1421 1089 6
223 205 3 1424 931 8
223 204 16 1423 1104 6
223 203 15 1428 1156 5
223 202 23 1434 1104 8
223 201 5 1426 971 6
198 200 0 1440 27153 1419
199 199 0 1440 27147 1418
199 200 0 1440 27106 1421
199 201 0 1440 27199 1422
200 198 0 1440 27172 1423
200 199 0 1440 27121 1424
200 200 0 1440 27194 1417
200 201 0 1440 27131 1416
200 202 0 1440 27190 1421
201 199 0 1440 27054 1417
201 200 0 1440 27000 1428
201 201 0 1440 27147 1427
202 200 0 1440 27021 1430
223 200 9 1432 27198 1428
223 177 9 1435 27199 1423
200 177 21 1430 27195 1383
177 177 18 1431 27194 1377
177 200 11 1434 27196 1382
177 223 18 1420 27197 1378
200 223 18 1421 27200 1381
223 223 11 1435 27199 1379