200 
107 300 875 1406 9238 329 
333 337 873 1177 2206 251 
62 337 552 1144 3272 416 
238 223 119 797 3040 232 
116 253 94 1195 2799 646 
258 151 385 1030 4949 607 
128 214 922 1162 1878 233 
272 73 621 1105 8234 184 
332 267 340 1006 2832 515 
296 296 953 1159 5331 106 
126 210 698 1055 6636 349 
330 289 580 956 9282 303 
106 249 454 1035 5124 315 
179 206 389 811 9937 327 
236 199 111 651 5113 105 
130 279 135 915 8192 69 
206 339 381 1374 1906 538 
141 209 665 1372 2800 426 
308 350 832 1232 1755 270 
280 229 651 1386 3206 573 
289 271 473 1100 6486 401 
308 116 420 868 5162 91 
54 284 2 617 4653 578 
99 300 975 1414 9570 203 
85 318 958 1161 5653 202 
180 268 315 944 2726 387 
269 119 635 1098 9766 304 
296 325 797 1360 6312 169 
163 223 626 1047 4754 295 
88 319 148 888 7655 280 
54 100 295 1432 7950 227 
138 258 558 1257 6236 496 
61 72 431 847 4671 52 
224 155 564 1178 2685 469 
212 218 246 1357 6699 1037 
209 87 167 1358 5312 1098 
173 144 9 1081 4605 718 
138 232 12 717 9853 88 
193 137 809 1086 5635 67 
271 339 683 1072 8530 269 
328 336 565 1036 3651 232 
128 132 801 1317 6443 488 
267 298 138 568 1171 164 
289 337 267 563 1641 157 
197 270 326 1099 2119 581 
210 209 185 1233 1101 644 
83 233 906 1371 8272 95 
210 265 377 977 3521 285 
189 319 296 1286 3576 444 
63 247 657 1060 6074 193 
66 187 30 536 1984 224 
248 67 6 1053 9134 341 
230 113 614 1122 5680 357 
79 228 753 1195 5889 209 
95 261 723 944 9500 105 
56 287 773 1412 3718 598 
274 66 887 1327 7009 84 
260 74 852 1200 2191 202 
237 158 30 1041 3751 360 
300 61 287 1312 6951 443 
346 303 453 1313 9183 85 
234 219 852 1148 1274 182 
73 218 823 1118 2210 153 
122 114 782 1166 7969 367 
106 94 727 1181 6633 349 
235 214 139 1270 4753 657 
244 78 611 875 6587 180 
212 233 495 811 8519 115 
218 65 928 1129 5705 123 
295 84 488 712 7986 137 
60 280 261 1133 2269 560 
281 159 970 1210 2755 158 
113 340 872 1376 2123 207 
340 258 572 871 8540 127 
167 115 915 1203 4683 158 
342 141 934 1386 5436 136 
93 231 890 1178 2549 126 
306 250 607 1031 2757 269 
111 78 711 1091 4698 266 
166 315 973 1363 8241 364 
62 198 905 1267 4773 229 
337 197 602 999 6221 317 
291 205 804 1283 9633 54 
193 76 237 498 7004 82 
187 205 242 582 1733 297 
166 201 396 733 9192 146 
62 68 18 1238 9576 486 
153 307 278 617 6774 306 
321 273 413 762 9985 70 
293 212 375 1217 1083 780 
244 302 976 1399 4492 311 
194 211 601 1364 7094 498 
214 168 268 861 2968 455 
62 343 41 1400 6883 459 
123 158 393 1002 3306 440 
57 306 224 1331 7724 862 
339 207 113 1093 6121 405 
235 86 248 656 3243 112 
64 262 589 898 9759 226 
200 110 681 1283 3225 55 
219 308 859 1302 4873 59 
290 128 138 702 1328 547 
294 276 658 1055 7163 181 
326 181 683 1218 2524 261 
341 84 306 1001 1149 93 
208 326 280 839 7872 433 
235 74 687 1420 6183 107 
53 86 170 1245 5811 64 
281 243 454 1195 9536 534 
130 305 509 912 4156 352 
204 96 855 1359 2583 459 
263 330 722 1001 4279 210 
73 332 221 1360 3052 931 
154 268 70 1339 9561 1051 
301 193 311 1018 5087 311 
66 114 433 1138 8636 683 
130 152 946 1267 6356 260 
212 324 742 1265 9070 161 
69 300 821 1159 7692 214 
57 222 709 1267 7551 209 
344 242 524 1423 5652 314 
235 230 95 444 4478 186 
77 161 883 1095 6294 54 
54 215 131 1252 9044 172 
242 187 356 1269 8492 360 
90 100 854 1175 8409 300 
195 113 324 1191 1681 691 
105 143 883 1208 8968 77 
113 187 525 1298 4830 599 
118 310 35 479 4147 298 
333 275 108 1077 8168 245 
311 79 426 910 7028 223 
252 90 654 1322 2724 661 
69 53 530 1423 9620 583 
223 61 609 1418 7844 73 
256 152 76 277 8005 124 
245 231 530 1181 3262 72 
165 183 594 1188 9224 133 
54 206 864 1289 1091 227 
94 236 221 817 2108 402 
179 50 53 877 8459 466 
102 304 249 605 9010 343 
267 306 988 1226 2631 188 
69 92 487 1256 1403 427 
50 192 98 1257 1119 937 
328 115 850 1249 7014 75 
332 329 146 451 5120 110 
171 98 625 1261 5264 293 
89 90 627 1414 1836 665 
200 51 860 1293 6405 237 
234 338 636 1211 1206 80 
341 336 22 1136 9348 531 
222 235 441 771 6589 192 
348 182 451 946 2827 434 
69 221 148 1153 6979 549 
321 55 368 664 7952 207 
149 257 326 1017 2484 554 
115 130 146 609 7295 117 
232 205 169 888 4548 714 
129 129 145 607 7063 422 
310 252 796 1337 8569 278 
310 305 426 1365 2343 68 
117 140 836 1062 2563 177 
340 62 919 1162 7806 75 
310 62 324 754 6070 102 
290 89 518 792 6156 96 
350 325 640 990 8430 121 
287 220 953 1402 4819 273 
214 166 557 823 7127 222 
218 79 878 1182 3458 301 
293 301 25 921 8832 667 
164 313 147 1369 3521 1145 
227 58 956 1304 9625 206 
153 128 729 1438 7096 342 
122 188 514 1322 3389 593 
111 223 439 973 5361 490 
190 247 132 501 5202 95 
137 202 473 1002 7769 113 
237 229 98 1256 1477 1138 
305 97 602 1065 8381 73 
312 200 169 1347 4450 1080 
132 116 225 698 8498 178 
194 255 186 435 2677 132 
119 229 443 1078 3015 567 
78 321 884 1362 9543 385 
165 187 147 1158 4802 541 
220 227 459 1410 4857 718 
279 159 451 778 7548 116 
195 109 852 1179 5935 293 
85 180 896 1151 5830 58 
127 85 361 1158 9794 357 
297 227 543 986 5509 199 
241 281 363 977 5993 286 
196 85 835 1182 5967 309 
215 141 807 1134 8551 103 
248 338 0 200 3564 111 
215 192 258 612 4380 321 
310 98 683 1310 8320 478 
205 69 717 1166 7495 137 
287 328 293 1063 5179 509 
